0000000000000000000000000000011111000000000000000000000000000000
0000000000000000000000000011111001111000000000000000000000000000
0000000000000000000000001110000000000110000000000000000000000000
0000000000000000000000010000000000000011000000000000000000000000
0000000000000000000000100000000000000000100000000000000000000000
0000000000000000000001000000000000000000010000000000000000000000
0000000000000000000001000000000000000000001000000000000000000000
0000000000000000000011000000000000000000001100000000000000000000
0000000000000000000010000000001111111111100100000000000000000000
0000000000000000000010000000000011110000000100000000000000000000
0000000000000000000010000000111100001111100100000000000000000000
0000000000000000000010000000000111000000100010000000000000000000
0000000000000000000010000000011000000000001010000000000000000000
0000000000000000000010000000000000000001000010000000000000000000
0000000000000000000010000000001110000000000010000000000000000000
0000000000000000000010000000001111100000111010000000000000000000
0000000000000000000010000000001111100001111010000000000000000000
0000000000000000000010000000000000000000001001000000000000000000
0000000000000000000001000000000000000010000001000000000000000000
0000000000000000000001000100000000000001000001000000000000000000
0000000000000000000000100100000000000001100001000000000000000000
0000000000000000000000100010000000110000100010000000000000000000
0000000000000000000000110010000000110101000010000000000000000000
0000000000000000000000110011000000000001000110000000000000000000
0000000000000000000000110011000000000000000100000000000000000000
0000000000000000000000110010100001111111001000000000000000000000
0000000000000000000000100010011000000000001000000000000000000000
0000000000000000000000100000001100000000011000000000000000000000
0000000000000000000000100000000110000000010000000000000000000000
0000000000000000000001000000000011100001100000000000000000000000
0000000000000000000001000110000000111110000000000000000000000000
0000000000000000000010001000000000100100000000000000000000000000
0000000000000000011110011000000000000011111111000000000000000000
0000000000000001100000000000000000000000000000000000000000000000
0000000000000000000000000000001101000000000000000000000000000000
0000000000000000000000000000000010000000000000000000000000000000

0000000000000000000000000000000000000000000000000000000000000000
0000000000000000000000000000000000000000000000000000000000000000
0000000000000000000000000000000000000000000000000000000000000000
0000000000000000000000000000000000000000000000000000000000000000
0000000000000000000000000111111110000111100000000000000000000000
0000000000000000000000001111111111111111111000000000000000000000
0000000000000000000000011111111111111111111000000000000000000000
0000000000000000000000111111111111111111111100000000000000000000
0000000000000000000001111111111111111111111100000000000000000000
0000000000000000000001111111111111111111111111000000000000000000
0000000000000000000011111111111111111111111111100000000000000000
0000000000000000000111111111111111111111111111110000000000000000
0000000000000000001111111111111111001111111110111000000000000000
0000000000000000011111111111001111100010011110001000000000000000
0000000000000000011111111110011111100000011110000000000000000000
0000000000000000111111111111101111000110011110111000000000000000
0000000000000000111111111111111111111111111111110000000000000000
0000000000000001111111111111111111111111111111100000000000000000
0000000000000001111111111111111111111111111110000000000000000000
0000000000000001111111111111111111111111111111000000000000000000
0000000000000001111111111111111111111111111111100000000000000000
0000000000000001111111111111111111111111111111100000000000000000
0000000000000001111111111111111111111111111111100000000000000000
0000000000000001111111111111111111111111111111110000000000000000
0000000000000001111111111111111111111111111111110000000000000000
0000000000000001111111111111111111111111111111100000000000000000
0000000000000001111111111111111111111111111111100000000000000000
0000000000000000111111111111111111111111111111000000000000000000
0000000000000000011111111111111111111111111100000000000000000000
0000000000000000001111111111111111111111110000000000000000000000
0000000000000000000001111111111111111111000000000000000000000000
0000000000000000000000000001111111111000000000000000000000000000
0000000000000000000000000000000000000000000000000000000000000000
0000000000000000000000000000000000000000000000000000000000000000
0000000000000000000000000000000000000000000000000000000000000000
0000000000000000000000000000000000000000000000000000000000000000
